image_width: 1920
image_height: 1080
camera_name: camera
camera_matrix:
  rows: 3
  cols: 3
  data: [2659.318333, 0.0, 932.558942, 0.0, 2658.436106, 653.058082, 0.0, 0.0, 1.0]
distortion_model: plumb_bob
distortion_coefficients:
  rows: 1
  cols: 5
  data: [0.200065, -0.251955, 0.015961, -0.008623, 0.0]
rectification_matrix:
  rows: 3
  cols: 3
  data: [1.0, 0.0, 0.0, 0.0, 1.0, 0.0, 0.0, 0.0, 1.0]
projection_matrix:
  rows: 3
  cols: 4
  data: [2734.409180, 0.0, 924.652918, 0.0, 0.0, 2730.360107, 661.538273, 0.0, 0.0, 0.0, 1.0, 0.0]
